150710.9564	4132546.64	1991	robo
151518.6401	4132735.7	2003	asesinato
150860.6653	4131873.556	2013	robo
149385.3938	4130600.612	2012	accidente
150571.3322	4131329.492	1995	robo
149394.6767	4130822.508	1991	accidente
151663.7329	4131951.266	1991	accidente
149390.0352	4130711.56	2001	accidente
150552.8083	4130885.277	1973	accidente
150842.1534	4131429.342	1984	accidente
149814.5801	4132361.785	1976	accidente
151472.4466	4131625.38	1970	accidente
150842.1534	4131429.342	1992	robo
149305.9519	4130826.22	2012	robo
151178.5311	4130970.349	2001	robo
149403.9601	4131044.404	1991	robo
150903.122	4130759.537	2015	robo
151804.2538	4131055.889	1974	robo
151435.5099	4130737.378	1990	robo
150048.2458	4131573.605	1989	robo
151706.2934	4130837.258	2012	robo
150095.2528	4130570.946	1991	asesinato
151243.2316	4132524.46	1975	asesinato
149758.8921	4131029.562	2011	robo
151149.9054	4132417.207	1980	accidente
151486.3106	4131958.645	1998	robo
151920.6294	4131717.886	2017	accidente
151654.489	4131728.948	1997	accidente
150207.1949	4131122.403	1984	incendio
149394.6767	4130822.508	2015	accidente
150421.6894	4132003.003	1976	robo
150366.1044	4130670.783	2011	accidente
150234.9845	4131788.09	1982	accidente
151952.9162	4132494.94	1992	robo
149618.5593	4131925.414	1998	accidente
150370.0466	4132894.712	1973	accidente
150543.5558	4130663.382	2006	asesinato
151346.7434	4130741.07	1992	asesinato
149828.5133	4132695.053	1973	asesinato
151238.612	4132413.513	1997	asesinato
151892.9743	4131052.203	2006	asesinato
151822.6948	4131499.678	2006	accidente
149165.6841	4131721.657	2020	accidente
151215.5154	4131858.775	2001	accidente
150482.6136	4131333.192	2001	accidente
149907.9255	4132469.025	2012	accidente
151584.2509	4132176.85	2009	accidente
150258.1631	4132343.252	1995	accidente
151617.5704	4130840.946	1992	accidente
149520.5459	4131706.805	1988	accidente
149693.38	4131588.434	2018	accidente
149226.515	4131051.83	2005	accidente
150221.0892	4131455.246	2000	accidente
149464.3478	4132487.577	2006	accidente
150164.7791	4132236.011	1998	accidente
151720.1445	4131170.523	2013	accidente
149586.0622	4131148.354	1999	accidente
150940.1152	4131647.541	1979	accidente
150482.6136	4131333.192	2008	accidente
151038.0904	4131866.164	2019	robo
149315.2376	4131048.116	2005	accidente
151346.7434	4130741.07	2011	accidente
151281.1222	4131299.922	1970	accidente
150010.559	4132798.586	1970	accidente
151262.6361	4130855.709	2016	accidente
150351.5025	4132450.497	1995	accidente
151668.3462	4132062.213	2006	accidente
151472.4466	4131625.38	2020	accidente
149660.8934	4130811.375	1977	robo
149450.4188	4132154.733	2004	accidente
149468.9911	4132598.526	1972	accidente
151495.542	4132180.54	2014	accidente
149889.3773	4132025.233	1982	accidente
151575.0218	4131954.955	1974	accidente
149403.9601	4131044.404	1974	accidente
150211.8262	4131233.35	1985	accidente
149889.3773	4132025.233	1985	accidente
150566.7055	4131218.544	2000	incendio
149991.9965	4132354.37	2001	accidente
149632.4807	4132258.258	2013	accidente
151691.432	4132617.373	1994	accidente
150248.8984	4132121.357	2004	accidente
151169.2949	4130748.454	1981	accidente
150496.4979	4131666.035	2005	accidente
151425.2774	4132628.446	2008	accidente
149931.7022	4130911.2	1987	accidente
150487.2416	4131444.14	2012	accidente
149991.9965	4132354.37	2003	robo
150795.0364	4132431.994	2000	accidente
149571.6416	4132928.082	1982	accidente
150538.1921	4132665.412	2001	accidente
150724.8549	4132879.907	1992	accidente
151160.0592	4130526.559	1978	accidente
151276.5049	4131188.974	1977	accidente
151929.8663	4131940.204	1970	accidente
150524.2872	4132332.145	1984	accidente
151061.1988	4132420.902	2020	robo
149590.7018	4131259.302	1997	accidente
150160.1457	4132125.063	2006	accidente
151869.9137	4130497.044	2005	accidente
150136.9622	4131569.9	1980	accidente
150664.6764	4131436.74	1981	asesinato
149978.089	4132021.526	2010	asesinato
150253.5307	4132232.305	2012	asesinato
151519.6209	4130622.741	1995	accidente
151397.557	4131962.338	1986	accidente
149586.0622	4131148.354	1991	accidente
150646.1568	4130992.526	2006	accidente
150869.913	4132095.451	2014	accidente
149945.6242	4131244.467	1976	accidente
149389.592	4132824.558	1984	accidente
150440.2093	4132446.794	1986	accidente
151766.2808	4132280.42	1979	accidente
149207.9393	4130608.037	2012	accidente
151617.5704	4130840.946	1989	robo
150099.8848	4130681.894	2019	accidente
150174.0464	4132457.907	2010	accidente
150542.8214	4132776.36	1998	accidente
149884.7405	4131914.285	2006	accidente
150883.7855	4132428.294	1996	accidente
150057.5142	4131795.501	1998	accidente
149828.5133	4132695.053	2009	accidente
151160.0592	4130526.559	1970	accidente
151342.1279	4130630.123	2016	accidente
149390.0352	4130711.56	2015	accidente
150548.182	4130774.33	2012	accidente
151524.2341	4130733.688	1978	accidente
150113.7814	4131014.737	1996	accidente
151117.545	4131640.151	1987	accidente
151477.0619	4131736.327	1996	robo
149375.6407	4132491.29	2018	accidente
151784.7488	4132724.632	1980	accidente
150557.4347	4130996.225	2004	accidente
150370.733	4130781.731	2011	accidente
150262.7956	4132454.2	1980	robo
150725.6309	4130766.933	2012	accidente
151795.0163	4130833.572	2012	accidente
150202.546	4131011.031	2000	accidente
150379.9904	4131003.626	1988	accidente
151649.876	4131618.001	2010	accidente
150982.6058	4130533.947	2017	accidente
150510.4009	4131999.302	1975	accidente
150809.7749	4130652.286	1974	accidente
149254.3996	4131717.942	1971	accidente
149837.7909	4132916.949	1983	accidente
149749.0886	4132920.659	1977	accidente
150262.7956	4132454.2	2006	accidente
151607.3431	4132732.01	1989	accidente
151934.476	4132051.151	1989	accidente
151841.1552	4131943.89	1993	accidente
151094.4463	4131085.413	2016	robo
151611.9583	4132842.958	1996	accidente
151126.8029	4131862.469	1993	accidente
150795.0364	4132431.994	1987	accidente
149296.6666	4130604.324	2017	accidente
151481.695	4131847.698	1998	accidente
151467.8313	4131514.432	1994	accidente
151784.7488	4132724.632	1991	accidente
151757.0562	4132058.525	2017	accidente
150664.6764	4131436.74	2014	accidente
149557.697	4132594.814	2004	accidente
149739.8087	4132698.762	2019	accidente
150660.0507	4131325.792	1998	accidente
151631.4251	4131174.211	1974	accidente
150608.3675	4132217.497	2008	accidente
149711.9537	4132032.65	2003	accidente
151426.2813	4130515.483	2017	accidente
150981.7562	4132646.916	2003	accidente
151449.3714	4131070.643	1970	robo
149931.7022	4130911.2	1998	robo
151790.4065	4130722.624	2014	robo
149894.0142	4132136.181	2004	accidente
150225.7209	4131566.194	1986	accidente
150295.9159	4131118.7	2007	accidente
151434.5125	4132850.341	1977	accidente
150309.8067	4131451.543	2007	accidente
149119.212	4130611.751	1970	accidente
149165.6841	4131721.657	2019	incendio
150034.3441	4131240.761	2020	accidente
151523.2565	4132846.648	2014	accidente
149441.1333	4131932.836	1988	accidente
149674.8257	4131144.642	1982	accidente
151631.4251	4131174.211	1978	accidente
150015.7923	4130796.546	2003	accidente
150360.7831	4132672.816	1997	accidente
150767.2678	4131765.884	2006	accidente
151038.0904	4131866.164	2015	accidente
150949.3778	4131869.86	2012	robo
151622.1827	4130951.894	1979	robo
151065.8208	4132531.849	2006	robo
151233.9925	4132302.565	1971	robo
149324.5415	4131270.436	1972	robo
150328.3469	4131895.758	2000	robo
150804.3053	4132654.313	2008	accidente
149571.6416	4132928.082	1990	accidente
149880.0861	4131802.914	1998	accidente
151136.0436	4132084.364	2006	accidente
149725.8719	4132365.494	1989	accidente
151611.9583	4132842.958	2004	accidente
150912.3652	4130981.432	2012	accidente
151640.6503	4131396.106	1984	accidente
151528.8475	4130844.635	1984	accidente
149375.6407	4132491.29	2002	accidente
151874.5221	4130607.991	2008	accidente
149389.592	4132824.558	1993	accidente
149921.8556	4132802.293	2007	accidente
150954.0005	4131980.807	2017	accidente
149586.0622	4131148.354	1970	accidente
150744.1449	4131211.146	2015	accidente
149151.7467	4131388.812	2003	robo
150813.5569	4132876.208	2009	accidente
150113.7814	4131014.737	1979	accidente
149474.121	4130596.9	1987	accidente
149188.933	4132276.822	1971	accidente
149137.7925	4131055.544	1995	accidente
151897.5832	4131163.15	2010	accidente
150874.5371	4132206.399	1980	accidente
150505.7724	4131888.354	2015	accidente
149828.5133	4132695.053	2002	accidente
150808.931	4132765.261	1997	accidente
151434.5125	4132850.341	2001	accidente
150076.0698	4132239.716	2015	accidente
150262.7956	4132454.2	2010	robo
150566.7055	4131218.544	2007	accidente
150141.5951	4131680.848	1986	accidente
151649.876	4131618.001	2005	accidente
150799.662	4132542.942	1990	accidente
150650.7998	4131103.897	1985	accidente
151168.4069	4132861.421	2020	accidente
149441.1333	4131932.836	1997	accidente
150262.7956	4132454.2	1997	accidente
149305.5342	4132939.221	1998	accidente
150239.6341	4131899.461	2013	accidente
149796.0275	4131917.993	1970	accidente
149366.3522	4132269.394	1970	accidente
149917.218	4132691.345	1982	accidente
149884.7405	4131914.285	2007	accidente
151365.2244	4131185.283	1974	accidente
150898.5005	4130648.59	1998	accidente
150127.6966	4131348.004	2016	accidente
150011.159	4130685.598	1994	accidente
151845.7661	4132054.838	1995	robo
149501.9817	4131263.012	2005	accidente
150580.586	4131551.387	1993	accidente
151233.9925	4132302.565	1990	accidente
150459.4575	4130778.03	1979	accidente
149894.0142	4132136.181	1970	accidente
150062.1662	4131906.872	2013	accidente
151622.1827	4130951.894	2010	accidente
149296.6666	4130604.324	2011	accidente
151565.7755	4131732.637	2012	accidente
150944.7377	4131758.489	1982	accidente
150267.4282	4132565.148	2003	accidente
151509.39	4132513.382	2017	accidente
150011.159	4130685.598	1990	accidente
149898.6512	4132247.129	1990	incendio
150020.4257	4130907.494	1973	accidente
150001.2687	4132576.266	1996	accidente
150865.2891	4131984.504	1991	accidente
150370.733	4130781.731	2005	accidente
149931.7022	4130911.2	1986	accidente
150491.8697	4131555.087	1981	robo
150464.085	4130888.978	1994	accidente
150403.1535	4131558.789	2016	accidente
151019.588	4131421.95	1978	accidente
149357.0641	4132047.497	1977	accidente
151686.8006	4132506.003	2010	accidente
151434.5125	4132850.341	2014	accidente
150963.2461	4132202.702	2013	accidente
151607.3431	4132732.01	1977	accidente
150552.8083	4130885.277	1996	accidente
151486.3106	4131958.645	2000	accidente
150150.879	4131903.167	2017	accidente
151636.0377	4131285.159	2017	accidente
151523.2565	4132846.648	2010	accidente
151593.4804	4132398.744	2013	robo
149749.0886	4132920.659	2017	accidente
151854.9884	4132276.732	1973	accidente
150996.4667	4130866.789	1979	accidente
150808.931	4132765.261	2001	accidente
150430.9491	4132224.899	1988	accidente
150762.643	4131654.937	1976	accidente
150776.5354	4131988.203	1986	accidente
150771.9104	4131877.256	2014	accidente
150547.4508	4132887.308	1981	accidente
151588.8656	4132287.797	2001	accidente
151449.3714	4131070.643	1973	accidente
149627.8401	4132147.31	1975	accidente
149744.4486	4132809.71	1993	accidente
149777.459	4131473.777	1974	accidente
151061.1988	4132420.902	1986	accidente
151355.9749	4130962.965	1974	accidente
151085.1899	4130863.095	1983	accidente
149343.1151	4131714.229	1971	robo
149202.873	4132609.667	2005	robo
151430.8955	4130626.43	1982	robo
150589.8401	4131773.282	1990	robo
150136.9622	4131569.9	1982	robo
151028.8301	4131643.845	1989	robo
150262.7956	4132454.2	2002	incendio
